00
01
02
03
04
05
06
07
10
11
12
13
14
15
16
17
20
21
22
23
24
25
26
27
30
31
32
33
34
35
36
37
40
41
42
43
44
45
46
47
50
51
52
53
54
55
56
57
60
61
62
63
64
65
66
67
70
71
72
73
74
75
76
77
00
10
20
30
40
50
60
70
01
11
21
31
41
51
61
71
02
12
22
32
42
52
62
72
03
13
23
33
43
53
63
73
04
14
24
34
44
54
64
74
05
15
25
35
45
55
65
75
06
16
26
36
46
56
66
76
07
17
27
37
47
57
67
77

70
61
52
43
34
25
16
07



71
62
53
44
35
26
17

72
63
54
45
36
27

73
64
55
46
37

74
65
56
47

75
66
57

76
67

77

valid